40 1395607942.0
123 1395607972.0
136 1395608002.0
105 1395608032.0
85 1395608062.0
81 1395608092.0
62 1395608122.0
61 1395608152.0
38 1395608182.0
42 1395608212.0
40 1395608242.0
31 1395608272.0
25 1395608302.0
37 1395608332.0
42 1395608362.0
30 1395608392.0
29 1395608422.0
28 1395608452.0
27 1395608482.0
14 1395608512.0
21 1395608542.0
38 1395608572.0
103 1395608602.0
121 1395608632.0
140 1395608662.0
111 1395608692.0
98 1395608722.0
92 1395608752.0
67 1395608782.0
53 1395608812.0
119 1395608842.0
151 1395608872.0
112 1395608902.0
80 1395608932.0
92 1395608962.0
118 1395608992.0
89 1395609022.0
102 1395609052.0
97 1395609082.0
87 1395609112.0
65 1395609142.0
60 1395609172.0
47 1395609202.0
64 1395609232.0
41 1395609262.0
50 1395609292.0
68 1395609322.0
92 1395609352.0
121 1395609382.0
119 1395609412.0
162 1395609442.0
177 1395609472.0
165 1395609502.0
129 1395609532.0
96 1395609562.0
62 1395609592.0
181 1395609622.0
229 1395609652.0
170 1395609682.0
105 1395609712.0
70 1395609742.0
50 1395609772.0
58 1395609802.0
37 1395609832.0
45 1395609862.0
65 1395609892.0
43 1395609922.0
85 1395609952.0
294 1395609982.0
226 1395610012.0
164 1395610042.0
93 1395610072.0
116 1395610102.0
101 1395610132.0
493 1395610162.0
517 1395610192.0
464 1395610222.0
473 1395610252.0
459 1395610282.0
465 1395610312.0
409 1395610342.0
409 1395610372.0
340 1395610402.0
311 1395610432.0
303 1395610462.0
291 1395610492.0
260 1395610522.0
238 1395610552.0
254 1395610582.0
235 1395610612.0
205 1395610642.0
204 1395610672.0
219 1395610702.0
5 1395610732.0
15 1395610762.0
12 1395610792.0
4 1395610822.0
6 1395610852.0
6 1395610882.0
6 1395610912.0
8 1395610942.0
7 1395610972.0
9 1395611002.0
6 1395611032.0
10 1395611062.0
6 1395611092.0
5 1395611122.0
6 1395611152.0
3 1395611182.0
4 1395611212.0
7 1395611242.0
8 1395611272.0
6 1395611302.0
7 1395611332.0
8 1395611362.0
4 1395611392.0
16 1395611422.0
13 1395611452.0
13 1395611482.0
12 1395611512.0
4 1395611542.0
9 1395611572.0
9 1395611602.0
4 1395611632.0
5 1395611662.0
4 1395611692.0
5 1395611722.0
9 1395611752.0
13 1395611782.0
7 1395611812.0
6 1395611842.0
12 1395611872.0
10 1395611902.0
11 1395611932.0
6 1395611962.0
7 1395611992.0
5 1395612022.0
5 1395612052.0
5 1395612082.0
8 1395612112.0
8 1395612142.0
1 1395612172.0
5 1395612202.0
6 1395612232.0
2 1395612262.0
5 1395612292.0
6 1395612322.0
5 1395612352.0
4 1395612382.0
3 1395612412.0
8 1395612442.0
7 1395612472.0
3 1395612502.0
4 1395612532.0
2 1395612562.0
4 1395612592.0
4 1395612622.0
13 1395612652.0
12 1395612682.0
18 1395612712.0
20 1395612742.0
16 1395612772.0
15 1395612802.0
14 1395612832.0
20 1395612862.0
34 1395612892.0
43 1395612922.0
27 1395612952.0
26 1395612982.0
23 1395613012.0
29 1395613042.0
13 1395613072.0
13 1395613102.0
22 1395613132.0
15 1395613162.0
17 1395613192.0
21 1395613222.0
15 1395613252.0
11 1395613282.0
20 1395613312.0
7 1395613342.0
7 1395613372.0
14 1395613402.0
11 1395613432.0
11 1395613462.0
18 1395613492.0
12 1395613522.0
6 1395613552.0
8 1395613582.0
9 1395613612.0
9 1395613642.0
7 1395613672.0
4 1395613702.0
12 1395613732.0
6 1395613762.0
11 1395613792.0
8 1395613822.0
9 1395613852.0
3 1395613882.0
8 1395613912.0
8 1395613942.0
10 1395613972.0
9 1395614002.0
4 1395614032.0
13 1395614062.0
4 1395614092.0
6 1395614122.0
7 1395614152.0
5 1395614182.0
3 1395614212.0
11 1395614242.0
11 1395614272.0
10 1395614302.0
8 1395614332.0
8 1395614362.0
8 1395614392.0
12 1395614422.0
12 1395614452.0
4 1395614482.0
5 1395614512.0
7 1395614542.0
6 1395614572.0
6 1395614602.0
10 1395614632.0
5 1395614662.0
5 1395614692.0
12 1395614722.0
9 1395614752.0
9 1395614782.0
13 1395614812.0
10 1395614842.0
7 1395614872.0
14 1395614902.0
11 1395614932.0
9 1395614962.0
9 1395614992.0
10 1395615022.0
19 1395615052.0
20 1395615082.0
12 1395615112.0
9 1395615142.0
13 1395615172.0
11 1395615202.0
12 1395615232.0
13 1395615262.0
10 1395615292.0
6 1395615322.0
10 1395615352.0
10 1395615382.0
11 1395615412.0
8 1395615442.0
7 1395615472.0
16 1395615502.0
9 1395615532.0
9 1395615562.0
11 1395615592.0
17 1395615622.0
22 1395615652.0
11 1395615682.0
23 1395615712.0
34 1395615742.0
21 1395615772.0
30 1395615802.0
28 1395615832.0
54 1395615862.0
49 1395615892.0
37 1395615922.0
26 1395615952.0
24 1395615982.0
27 1395616012.0
23 1395616042.0
11 1395616072.0
19 1395616102.0
21 1395616132.0
19 1395616162.0
13 1395616192.0
11 1395616222.0
15 1395616252.0
16 1395616282.0
22 1395616312.0
17 1395616342.0
22 1395616372.0
17 1395616402.0
23 1395616432.0
20 1395616462.0
34 1395616492.0
16 1395616522.0
13 1395616552.0
21 1395616582.0
17 1395616612.0
20 1395616642.0
24 1395616672.0
23 1395616702.0
16 1395616732.0
20 1395616762.0
22 1395616792.0
17 1395616822.0
18 1395616852.0
8 1395616882.0
15 1395616912.0
13 1395616942.0
15 1395616972.0
31 1395617002.0
46 1395617032.0
60 1395617062.0
47 1395617092.0
29 1395617122.0
26 1395617152.0
18 1395617182.0
17 1395617212.0
13 1395617242.0
52 1395617272.0
120 1395617302.0
111 1395617332.0
62 1395617362.0
42 1395617392.0
44 1395617422.0
42 1395617452.0
52 1395617482.0
33 1395617512.0
31 1395617542.0
19 1395617572.0
34 1395617602.0
79 1395617632.0
75 1395617662.0
61 1395617692.0
49 1395617722.0
57 1395617752.0
46 1395617782.0
38 1395617812.0
81 1395617842.0
188 1395617872.0
247 1395617902.0
248 1395617932.0
218 1395617962.0
203 1395617992.0
173 1395618022.0
153 1395618052.0
127 1395618082.0
128 1395618112.0
112 1395618142.0
120 1395618172.0
106 1395618202.0
93 1395618232.0
75 1395618262.0
67 1395618292.0
87 1395618322.0
107 1395618352.0
117 1395618382.0
82 1395618412.0
86 1395618442.0
92 1395618472.0
76 1395618502.0
18 1395618532.0
18 1395618562.0
16 1395618592.0
15 1395618622.0
20 1395618652.0
19 1395618682.0
22 1395618712.0
12 1395618742.0
11 1395618772.0
13 1395618802.0
16 1395618832.0
18 1395618862.0
11 1395618892.0
13 1395618922.0
15 1395618952.0
15 1395618982.0
10 1395619012.0
12 1395619042.0
14 1395619072.0
6 1395619102.0
15 1395619132.0
21 1395619162.0
6 1395619192.0
16 1395619222.0
12 1395619252.0
22 1395619282.0
8 1395619312.0
6 1395619342.0
13 1395619372.0
7 1395619402.0
12 1395619432.0
8 1395619462.0
7 1395619492.0
4 1395619522.0
